[?25l[0m[7m[38;2;253;253;253m [0m[38;2;0;0;0;48;2;253;253;253m [38;2;253;253;252m▁   [38;2;251;251;250m▁[38;2;250;250;246;48;2;252;253;252m▁[38;2;250;250;250;48;2;253;253;253m▁[38;2;244;244;243;48;2;253;253;251m▁[38;2;249;249;249;48;2;253;253;252m▁[38;2;251;251;251;48;2;252;252;252m▁[38;2;248;247;246;48;2;253;253;252m▁[38;2;214;212;215;48;2;251;251;250m▁[38;2;226;222;220;48;2;250;250;251m▂[38;2;242;241;240;48;2;241;239;240m▏[48;2;241;238;237m [38;2;242;237;236;48;2;241;236;235m▕[38;2;242;238;234;48;2;243;239;235m▏[38;2;241;238;236;48;2;242;240;237m▕[38;2;242;239;235;48;2;241;237;233m▏[38;2;225;215;214;48;2;245;240;242m▗[38;2;208;192;191;48;2;247;244;246m▃[38;2;191;172;176;48;2;252;249;252m▃[38;2;191;171;175;48;2;241;240;243m▄[38;2;196;179;180;48;2;247;248;248m▃[38;2;220;214;220;48;2;251;250;251m▁[38;2;194;186;192;48;2;250;250;250m▂[38;2;249;253;251;48;2;252;253;252m▁[48;2;253;253;253m        [38;2;252;252;252m▁[48;2;252;252;252m [38;2;251;251;247m▂[0m
[7m[38;2;253;253;253m [0m[38;2;253;253;251;48;2;253;253;253m▁[38;2;231;230;232;48;2;250;250;249m▁[38;2;229;229;226;48;2;250;250;250m▁[38;2;253;253;250;48;2;253;253;253m▁[38;2;237;237;236;48;2;252;251;250m▁[38;2;234;233;234;48;2;236;236;232m▏[38;2;223;222;223;48;2;231;230;232m▁[38;2;237;236;237;48;2;238;238;232m▏[38;2;203;202;206;48;2;232;231;228m▔[38;2;234;234;231;48;2;225;223;222m▕[38;2;233;230;215;48;2;236;231;229m▁[38;2;233;229;219;48;2;222;220;222m▆[38;2;219;217;218;48;2;234;231;219m▔[38;2;238;231;219;48;2;240;234;224m▋[38;2;240;236;227;48;2;246;242;233m▅[38;2;245;240;234;48;2;247;242;236m▖[38;2;246;241;237;48;2;250;243;239m▂[38;2;244;239;235;48;2;246;241;237m▗[38;2;241;234;227;48;2;245;238;235m▁[38;2;239;233;227;48;2;244;239;234m▂[38;2;235;232;222;48;2;244;237;232m▁[38;2;239;230;221;48;2;243;239;231m▂[38;2;210;194;190;48;2;235;226;219m▔[38;2;223;209;202;48;2;189;160;158m▂[38;2;219;202;196;48;2;187;155;151m▁[38;2;197;179;188;48;2;184;153;153m▝[38;2;188;164;169;48;2;226;224;225m▄[38;2;207;198;203;48;2;246;247;245m▖[38;2;253;253;253;48;2;252;252;252m▁[48;2;253;253;253m     [38;2;252;252;252m▁[38;2;249;248;249;48;2;252;252;252m▗[38;2;234;232;232;48;2;244;243;244m▁[38;2;225;223;223;48;2;242;242;240m▁[38;2;232;232;230;48;2;234;234;232m▏[0m
[7m[38;2;253;253;253m [0m[38;2;251;251;248;48;2;253;253;251m▕[38;2;239;239;235;48;2;236;235;233m▁[38;2;240;240;233;48;2;221;220;222m▊[38;2;244;244;243;48;2;251;251;249m▁[38;2;223;222;222;48;2;238;238;234m▖[38;2;224;221;226;48;2;241;241;233m▕[38;2;208;206;210;48;2;243;243;234m▘[38;2;223;221;221;48;2;233;231;222m▝[38;2;214;211;212;48;2;227;220;211m▔[38;2;225;216;180;48;2;232;224;205m▗[38;2;224;215;191;48;2;235;229;215m▄[38;2;236;228;213;48;2;235;228;215m▗[38;2;236;227;215;48;2;237;230;218m▊[38;2;237;230;218;48;2;239;233;222m▍[38;2;239;231;222;48;2;241;236;229m▖[38;2;246;243;241;48;2;245;242;234m▗[38;2;239;235;226;48;2;245;241;237m▂[38;2;237;233;219;48;2;244;238;232m▄[38;2;238;231;223;48;2;236;230;216m▔[38;2;233;228;214;48;2;235;229;216m▃[38;2;235;232;220;48;2;234;229;215m▔[38;2;233;227;213;48;2;235;228;215m▂[38;2;235;228;214m▁[38;2;233;227;213;48;2;234;228;215m▕[38;2;229;220;210;48;2;233;227;213m▔[38;2;190;159;157;48;2;228;217;207m▝[38;2;221;213;219;48;2;182;157;160m▝[38;2;233;228;233;48;2;250;250;249m▏[48;2;253;253;253m      [38;2;251;251;251;48;2;253;253;252m▕[38;2;201;198;205;48;2;248;247;250m▕[38;2;216;216;219;48;2;241;242;235m▏[38;2;203;201;208;48;2;235;234;231m▝[38;2;219;217;217;48;2;241;241;232m▁[0m
[7m[38;2;253;253;253m [0m[38;2;252;252;252;48;2;253;253;253m▕[38;2;230;230;231;48;2;242;242;236m▖[38;2;191;189;193;48;2;248;248;237m▕[38;2;220;218;218;48;2;237;237;233m▖[38;2;243;244;232;48;2;249;250;237m▕[38;2;223;217;212;48;2;233;232;225m▁[38;2;205;194;178;48;2;225;219;208m▗[38;2;219;213;176;48;2;227;217;194m▖[38;2;232;220;176;48;2;206;193;180m▆[38;2;210;203;174;48;2;232;222;177m▕[38;2;208;200;190;48;2;233;227;212m▎[48;2;236;228;215m [38;2;235;227;214m▔[38;2;236;228;215;48;2;235;229;214m▅[38;2;239;236;222;48;2;236;229;216m▝[38;2;236;232;219;48;2;243;239;232m▃[38;2;241;234;225;48;2;244;238;231m▂[38;2;243;240;230;48;2;236;232;220m▖[38;2;235;229;217;48;2;236;227;214m▂[38;2;235;228;214;48;2;236;227;215m▔[38;2;234;228;214;48;2;235;228;214m▔[48;2;233;227;213m▌[38;2;232;227;213;48;2;233;228;214m▘[38;2;235;228;214;48;2;237;227;214m▍[38;2;233;228;214;48;2;235;228;214m▝[38;2;235;227;214;48;2;233;227;214m▂[38;2;223;216;210;48;2;201;182;181m▆[38;2;222;215;222;48;2;239;238;239m▏[38;2;253;253;251;48;2;253;253;253m▂    [38;2;251;251;250;48;2;253;253;252m▁[38;2;224;222;223;48;2;250;250;248m▂[38;2;208;205;213;48;2;237;237;232m▝[38;2;248;248;235;48;2;221;218;219m▆[38;2;248;248;237;48;2;251;252;237m▔[38;2;222;222;218;48;2;250;251;237m▔[0m
[7m[38;2;253;253;253m [0m[38;2;252;252;252;48;2;252;253;251m▔[38;2;228;228;226;48;2;243;243;241m▗[38;2;252;252;235;48;2;253;253;238m▍[38;2;242;239;224;48;2;251;251;237m▁[38;2;207;194;186;48;2;239;237;226m▃[38;2;226;215;210;48;2;183;168;156m▊[38;2;189;172;147;48;2;220;206;164m▎[38;2;223;212;175;48;2;231;221;174m▁[38;2;231;224;208;48;2;229;219;182m▁[38;2;220;211;182;48;2;228;221;205m▔[38;2;218;206;199;48;2;235;228;215m▁[38;2;138;113;101;48;2;233;226;213m▂[38;2;127;96;75;48;2;230;222;213m▃[38;2;125;95;70;48;2;231;224;215m▄[38;2;125;92;67;48;2;222;214;206m▄[38;2;133;103;84;48;2;233;226;215m▅[38;2;130;101;81;48;2;235;227;218m▅[38;2;124;92;74;48;2;230;223;216m▄[38;2;137;109;110;48;2;220;208;202m▖[38;2;183;157;163;48;2;235;226;216m▂[38;2;198;177;183;48;2;235;227;215m▁[38;2;194;166;168;48;2;227;214;209m▅[38;2;188;161;160;48;2;225;216;210m▅[38;2;203;185;186;48;2;234;226;214m▖[38;2;235;228;213;48;2;236;228;214m▂[38;2;236;227;215m▔[38;2;236;227;214;48;2;232;227;214m▄[38;2;227;225;225;48;2;231;225;218m▝[38;2;221;218;220;48;2;249;248;247m▖[38;2;252;253;248;48;2;252;252;252m▁[48;2;253;253;253m [38;2;253;253;252;48;2;253;253;251m▋[38;2;251;252;249;48;2;252;253;252m▕[38;2;249;249;245;48;2;233;232;231m▏[38;2;226;224;226;48;2;248;248;236m▔[38;2;251;252;233;48;2;252;253;237m▔[38;2;252;253;235m▂[38;2;244;245;234;48;2;251;252;237m▁[38;2;237;237;237;48;2;240;241;231m▁[0m
[38;2;252;253;250;48;2;253;253;253m▂[38;2;210;202;208;48;2;249;249;249m▗[38;2;193;174;180;48;2;239;241;240m▅[38;2;214;199;192;48;2;248;246;234m▃[38;2;230;222;210;48;2;202;183;176m▘[38;2;189;173;167;48;2;220;210;202m▏[38;2;218;210;196;48;2;231;226;213m▕[38;2;234;227;213;48;2;197;182;163m▅[38;2;235;226;215;48;2;218;206;188m▆[38;2;153;134;119;48;2;232;223;212m▃[38;2;128;97;74;48;2;218;205;197m▅[38;2;163;144;134;48;2;127;92;67m▔[38;2;127;93;65;48;2;128;93;69m▄[38;2;126;92;65;48;2;126;92;66m▕[38;2;125;92;65;48;2;125;93;66m▖[38;2;124;93;68;48;2;126;92;66m▁[38;2;126;93;66;48;2;126;93;67m▔[38;2;126;92;65;48;2;124;93;64m▃[38;2;123;91;68;48;2;124;93;66m▘[38;2;118;85;71;48;2;184;149;148m▋[38;2;190;154;151;48;2;189;156;152m▆[38;2;174;143;150;48;2;189;156;151m▔[38;2;189;157;153;48;2;189;157;152m▔[38;2;188;157;152;48;2;190;157;152m▔[38;2;193;170;168;48;2;186;156;152m▔[38;2;180;153;151;48;2;221;209;202m▖[38;2;185;162;175;48;2;223;213;208m▃[38;2;221;209;197;48;2;236;227;214m▁[38;2;231;225;211m▁[38;2;225;217;208;48;2;232;226;214m▕[38;2;218;211;207;48;2;242;239;240m▄[38;2;249;247;248;48;2;252;251;252m▏[38;2;238;234;237;48;2;249;248;248m▕[38;2;201;185;192;48;2;250;249;251m▃[38;2;197;190;202;48;2;251;251;240m▍[38;2;250;251;232;48;2;252;253;237m▁[38;2;252;253;235m▃[38;2;203;194;201;48;2;249;249;237m▗[38;2;192;177;184;48;2;235;233;233m▁[38;2;243;241;243;48;2;251;252;250m▁[0m
[38;2;214;210;212;48;2;248;249;246m▕[38;2;242;230;228;48;2;216;204;207m▅[38;2;231;219;217;48;2;192;171;173m▖[38;2;190;170;177;48;2;199;180;176m▁[38;2;140;126;131;48;2;197;177;174m▕[38;2;223;212;211;48;2;234;226;215m▏[38;2;232;227;212;48;2;233;227;215m▕[38;2;192;173;167;48;2;227;219;209m▁[38;2;217;205;198;48;2;135;107;90m▘[38;2;121;89;62;48;2;124;92;65m▔[48;2;123;92;64m▎[48;2;126;92;65m [48;2;127;93;66m [38;2;126;92;66;48;2;127;93;64m▊[38;2;164;142;136;48;2;129;98;75m▕[38;2;128;102;93;48;2;182;171;171m▘[38;2;213;210;203;48;2;141;120;111m▂[38;2;201;192;184;48;2;118;88;64m▃[38;2;211;203;211;48;2;125;97;82m▁[38;2;157;142;144;48;2;107;77;69m▖[38;2;140;117;127;48;2;187;153;151m▖[38;2;190;155;149;48;2;190;157;152m▃ [38;2;190;156;152m▃[38;2;189;156;152;48;2;188;155;150m▊[38;2;182;150;147;48;2;188;155;151m▕[38;2;186;155;152;48;2;161;135;148m▊[38;2;215;200;189;48;2;203;181;175m▔[38;2;211;201;189;48;2;205;183;174m▔[38;2;203;184;174;48;2;226;214;202m▆[38;2;204;181;176;48;2;215;201;193m▅[38;2;194;183;194;48;2;239;238;240m▎[38;2;252;252;252;48;2;223;215;218m▋[38;2;230;218;226;48;2;247;236;233m▔[38;2;247;236;233;48;2;216;209;215m▆[38;2;239;233;229;48;2;238;232;229m▕[48;2;241;234;231m [38;2;204;199;203;48;2;231;216;219m▘[38;2;248;237;230;48;2;213;187;188m▃[38;2;246;234;232;48;2;208;184;189m▃[0m
[38;2;217;207;213;48;2;239;232;232m▝[38;2;243;234;227;48;2;247;237;230m▗[38;2;241;232;225;48;2;243;233;231m▄[38;2;200;181;186;48;2;244;233;226m▔[38;2;148;135;157;48;2;227;212;214m▕[38;2;236;224;233;48;2;235;226;215m▏[38;2;196;183;185;48;2;222;211;203m▕[38;2;187;168;174;48;2;131;100;84m▎[38;2;124;92;64;48;2;125;91;67m▆[38;2;120;89;72;48;2;125;91;66m▕[38;2;188;168;164;48;2;133;105;96m▅[38;2;184;173;171;48;2;127;98;79m▂[38;2;185;168;166;48;2;123;93;70m▗[38;2;198;184;180;48;2;126;93;67m▂[38;2;122;99;83;48;2;245;241;234m▋[38;2;216;214;207;48;2;251;251;236m▔[38;2;244;245;230;48;2;250;251;236m▕[38;2;184;183;183;48;2;221;221;213m▗[38;2;217;216;215;48;2;126;123;123m▅[38;2;131;122;120;48;2;110;91;83m▁[38;2;155;150;150;48;2;126;106;99m▁[38;2;127;94;94;48;2;179;154;155m▗[38;2;144;110;111;48;2;189;154;151m▂[38;2;171;136;134;48;2;190;156;151m▁[38;2;192;154;151;48;2;190;155;151m▔[38;2;188;154;153;48;2;189;156;150m▁[38;2;106;71;79;48;2;180;146;146m▕[38;2;189;165;168;48;2;111;78;62m▔[38;2;122;89;65;48;2;186;163;163m▆[38;2;126;92;73;48;2;181;157;151m▄[38;2;165;144;149;48;2;213;200;202m▖[38;2;245;246;242;48;2;251;252;248m▔[38;2;253;252;250;48;2;222;215;220m▋[38;2;246;238;229;48;2;247;237;232m▍[38;2;248;237;231;48;2;248;237;233m▔[38;2;247;238;233m▔[38;2;248;237;234m▔[38;2;247;237;232;48;2;248;237;232m▔[38;2;247;236;234;48;2;246;235;230m▞[38;2;242;231;226;48;2;246;235;233m▅[0m
[38;2;246;236;232;48;2;248;237;233m▔[38;2;246;237;232;48;2;243;234;229m▌[38;2;244;233;229;48;2;242;232;226m▁[38;2;240;229;223;48;2;241;231;223m▗[38;2;228;218;223;48;2;241;231;226m▕[38;2;218;206;212;48;2;210;197;197m▁[38;2;208;192;198;48;2;205;188;186m▁[38;2;208;192;185;48;2;122;89;67m▏[38;2;123;91;63;48;2;124;91;65m▔[38;2;121;89;67;48;2;123;90;64m▁[38;2;131;104;89;48;2;213;202;195m▌[38;2;154;154;150;48;2;211;207;203m▖[38;2;208;203;198;48;2;236;234;224m▔[38;2;184;183;177;48;2;237;237;225m▁[38;2;243;242;232;48;2;252;252;237m▔[38;2;253;252;237;48;2;252;253;237m▔ [38;2;248;249;234m▔[38;2;248;248;237;48;2;251;252;238m▕[38;2;224;222;218;48;2;246;247;235m▝[38;2;250;251;235;48;2;200;198;198m▆[38;2;226;223;214;48;2;148;130;121m▋[38;2;176;155;142;48;2;99;70;59m▅[38;2;189;169;157;48;2;110;79;72m▂[38;2;152;122;120;48;2;180;149;145m▎[38;2;188;155;156;48;2;115;83;89m▋[38;2;231;216;220;48;2;111;78;66m▁[38;2;244;231;233;48;2;114;83;66m▂[38;2;234;221;223;48;2;106;74;53m▃[38;2;226;216;219;48;2;111;81;65m▃[38;2;228;223;228;48;2;141;122;114m▅[38;2;212;208;216;48;2;250;250;248m▂[38;2;214;206;215;48;2;242;240;241m▗[38;2;247;238;230;48;2;248;237;234m▎[48;2;248;237;233m   [38;2;248;237;233;48;2;245;234;229m▊[38;2;243;234;226;48;2;242;229;224m▘[38;2;236;223;219;48;2;241;229;222m▃[0m
[7m[38;2;248;237;233m [0m[38;2;246;235;231;48;2;248;237;233m▝[38;2;245;235;231;48;2;244;232;227m▍[38;2;244;231;225;48;2;240;230;223m▅[38;2;247;235;231;48;2;243;228;223m▃[38;2;238;227;222;48;2;246;234;229m▔[38;2;234;226;225;48;2;186;171;192m▆[38;2;166;150;152;48;2;122;90;67m▏[38;2;126;95;81;48;2;123;90;65m▁[38;2;112;80;57;48;2;123;90;66m▗[38;2;100;75;67;48;2;112;81;65m▕[38;2;142;126;122;48;2;221;219;212m▄[38;2;111;108;108;48;2;184;181;182m▎[38;2;227;224;224;48;2;121;104;96m▁[38;2;154;143;133;48;2;234;233;223m▋[38;2;249;247;233;48;2;252;252;237m▁[38;2;249;249;234;48;2;252;253;237m▁   [38;2;251;252;236m▌[38;2;132;116;112;48;2;243;242;230m▕[38;2;202;184;171;48;2;138;113;98m▗[38;2;131;105;86;48;2;214;198;182m▄[38;2;122;95;89;48;2;169;144;140m▘[38;2;241;233;236;48;2;182;155;158m▕[38;2;242;233;233;48;2;247;236;233m▍[38;2;245;235;228;48;2;246;235;233m▔[38;2;243;232;234m▁[38;2;240;235;231;48;2;246;236;232m▔[38;2;247;237;232;48;2;246;239;230m▆[38;2;202;199;204;48;2;244;236;233m▕[38;2;192;188;195;48;2;230;223;224m▏[38;2;246;237;230;48;2;247;238;233m▏[38;2;248;237;232;48;2;248;237;233m▏ [38;2;247;238;233m▁[38;2;246;235;231m▝[38;2;249;238;234;48;2;242;231;227m▅[38;2;247;236;232;48;2;240;227;223m▅[0m
[7m[38;2;248;237;233m [0m[38;2;0;0;0;48;2;248;237;233m [38;2;246;234;227;48;2;247;236;233m▝[38;2;247;236;232;48;2;245;232;226m▄[38;2;244;233;229;48;2;247;236;232m▘[48;2;248;237;233m [38;2;245;232;229;48;2;223;207;206m▋[38;2;232;228;229;48;2;158;141;135m▄[38;2;124;92;72;48;2;218;214;213m▝[38;2;209;202;204;48;2;115;84;66m▂[38;2;153;126;130;48;2;122;87;80m▁[38;2;110;77;60;48;2;109;75;55m▝[38;2;206;201;200;48;2;111;80;66m▝[38;2;164;146;146;48;2;233;231;228m▖[38;2;227;226;223;48;2;246;247;235m▔[38;2;232;229;216;48;2;252;251;236m▝[38;2;223;222;208;48;2;245;245;231m▏[38;2;252;253;237;48;2;247;248;232m▁[38;2;250;250;235;48;2;252;252;237m▖[48;2;252;253;237m [38;2;250;251;235m▕[38;2;244;244;232;48;2;194;181;189m▊[38;2;179;161;158;48;2;125;95;77m▘[38;2;125;93;65;48;2;123;91;64m▅[38;2;153;123;129;48;2;117;85;68m▕[38;2;213;194;207;48;2;183;154;155m▕[38;2;245;236;227;48;2;245;234;234m▗[38;2;230;221;224;48;2;238;229;229m▁[38;2;237;227;228;48;2;234;226;225m▕[38;2;239;229;229;48;2;241;230;231m▏[38;2;235;225;224;48;2;242;233;229m▝[38;2;234;226;228;48;2;226;216;221m▁[38;2;222;216;218;48;2;244;236;231m▏[38;2;247;236;232;48;2;248;236;235m▘[48;2;248;237;233m [38;2;249;236;235;48;2;247;237;235m▔[38;2;249;240;235;48;2;245;239;234m▗[38;2;252;243;238;48;2;250;240;235m▄[38;2;251;244;239;48;2;252;244;238m▞[38;2;249;241;236;48;2;251;243;237m▔[0m
[7m[38;2;248;237;233m [0m[38;2;0;0;0;48;2;248;237;233m   [38;2;249;236;232m▁[38;2;235;218;218;48;2;246;235;233m▕[38;2;208;186;187;48;2;218;203;203m▞[38;2;224;219;220;48;2;249;249;248m▂[38;2;245;241;242;48;2;243;240;239m▏[38;2;237;237;239;48;2;242;239;235m▕[38;2;229;219;230;48;2;145;112;116m▎[38;2;113;79;66;48;2;137;101;101m▝[38;2;115;81;70;48;2;110;78;55m▏[38;2;131;108;100;48;2;111;78;57m▔[38;2;114;81;64;48;2;224;218;214m▅[38;2;135;110;106;48;2;250;250;237m▄[38;2;204;188;194;48;2;251;250;236m▃[38;2;193;183;192;48;2;250;249;236m▂[38;2;129;119;136;48;2;252;251;237m▂[38;2;94;80;94;48;2;245;244;232m▂[38;2;99;87;96;48;2;234;230;220m▄[38;2;166;157;163;48;2;224;214;217m▎[38;2;234;216;220;48;2;126;95;75m▏[48;2;126;92;65m [38;2;124;91;66;48;2;95;65;61m▊[38;2;155;125;129;48;2;186;155;154m▏[38;2;188;170;179;48;2;234;226;229m▎[38;2;231;223;223;48;2;244;236;233m▔[38;2;246;235;232;48;2;247;237;234m▁[38;2;245;235;230;48;2;248;237;233m▂[38;2;236;228;227;48;2;245;237;232m▁[38;2;227;217;223;48;2;236;226;228m▏[38;2;248;237;233;48;2;248;237;231m▝[38;2;248;237;230;48;2;248;237;233m▁ [38;2;247;238;233;48;2;247;237;233m▔[38;2;248;238;233;48;2;249;241;233m▊[38;2;251;242;237;48;2;251;242;235m▆[38;2;253;242;236;48;2;251;243;238m▁[38;2;249;241;235;48;2;250;242;237m▕[0m
[7m[38;2;248;237;233m [0m[38;2;0;0;0;48;2;248;237;233m   [38;2;248;233;227;48;2;247;236;232m▕[38;2;241;229;223;48;2;213;189;187m▘[38;2;206;182;188;48;2;241;227;227m▌[38;2;241;235;232;48;2;246;238;231m▔[38;2;248;239;234;48;2;248;237;232m▔[38;2;249;238;231;48;2;247;238;239m▊[38;2;227;212;227;48;2;147;113;115m▏[38;2;151;115;111;48;2;146;111;108m▅[38;2;113;80;69;48;2;145;109;108m▝[38;2;148;115;115;48;2;114;81;72m▗[38;2;142;106;105;48;2;108;75;60m▃[38;2;153;119;129;48;2;134;99;99m▝[38;2;165;135;140;48;2;200;177;183m▎[38;2;210;187;200;48;2;120;105;116m▎[38;2;109;101;100;48;2;77;67;75m▅[38;2;108;99;100;48;2;75;64;68m▆[38;2;170;159;172;48;2;105;95;102m▕[38;2;221;212;210;48;2;240;234;231m▕[38;2;155;137;135;48;2;123;91;69m▏[38;2;126;92;68;48;2;126;92;66m▅[38;2;162;136;139;48;2;121;89;66m▗[38;2;146;116;121;48;2;187;155;154m▏[38;2;182;158;166;48;2;240;233;232m▌[38;2;244;237;232;48;2;246;237;233m▌[38;2;246;237;233;48;2;245;233;230m▆[38;2;247;237;234;48;2;246;237;229m▂[38;2;237;226;229;48;2;232;224;226m▕[38;2;247;237;234;48;2;245;236;232m▂[38;2;244;235;231;48;2;247;237;233m▎[38;2;248;237;230;48;2;248;237;232m▘[48;2;248;237;233m  [38;2;247;237;233;48;2;246;239;233m▊[38;2;247;239;234;48;2;249;240;235m▅[38;2;246;236;232;48;2;250;240;235m▂[38;2;247;238;233;48;2;250;241;235m▄[0m
[7m[38;2;248;237;233m [0m[38;2;0;0;0;48;2;248;237;233m  [38;2;244;233;229m▗[38;2;224;206;201;48;2;240;228;224m▝[38;2;247;236;230;48;2;216;199;196m▅[38;2;240;232;229;48;2;247;237;234m▏[48;2;248;237;235m [48;2;248;237;233m [38;2;247;238;231;48;2;247;237;233m▘[38;2;226;214;215;48;2;166;136;143m▃[38;2;187;170;187;48;2;148;114;115m▁[38;2;138;115;128;48;2;151;117;114m▁[38;2;151;115;113;48;2;145;109;106m▆[38;2;202;181;195;48;2;151;117;116m▁[38;2;234;224;228;48;2;154;123;125m▂[38;2;153;121;133;48;2;214;193;201m▘[38;2;117;105;122;48;2;188;166;176m▃[38;2;188;176;189;48;2;108;99;104m▂[38;2;233;223;223;48;2;117;107;110m▄[38;2;242;233;230;48;2;147;138;146m▆[38;2;236;227;223;48;2;145;122;109m▋[38;2;126;96;72;48;2;125;92;65m▏[38;2;129;101;101;48;2;124;91;67m▁[38;2;138;109;101;48;2;190;161;166m▘[38;2;189;156;156;48;2;189;156;154m▏[38;2;183;151;153;48;2;233;220;224m▋[38;2;245;235;231;48;2;247;237;232m▏[48;2;247;237;234m [38;2;225;215;221;48;2;235;225;228m▕[38;2;231;219;224;48;2;246;235;232m▏[48;2;247;236;234m [38;2;248;237;233;48;2;247;237;235m▂[48;2;248;237;233m   [38;2;247;236;232m▕[48;2;248;237;235m [38;2;247;236;234;48;2;248;237;234m▃[38;2;248;237;235;48;2;247;237;233m▁[0m
[7m[38;2;248;237;233m [0m[38;2;0;0;0;48;2;248;237;233m  [38;2;246;235;231m▔[38;2;248;237;233;48;2;244;235;230m▆[48;2;248;237;235m▆[38;2;247;236;233;48;2;247;237;233m▔[48;2;247;236;234m ▘[38;2;247;237;233;48;2;247;236;233m▕[38;2;247;236;233;48;2;250;238;229m▆[38;2;234;225;225;48;2;244;234;231m▕[38;2;223;212;218;48;2;147;118;127m▊[38;2;143;114;129;48;2;151;115;117m▕[38;2;155;136;148;48;2;231;219;225m▏[38;2;213;198;203;48;2;241;230;229m▁[38;2;227;216;219;48;2;234;223;227m▏[38;2;149;137;154;48;2;237;228;225m▔[38;2;244;234;235;48;2;248;237;234m▔[38;2;248;237;232;48;2;247;237;234m▁[38;2;238;227;224;48;2;248;237;233m▕[38;2;240;231;226;48;2;147;127;118m▄[38;2;223;204;202;48;2;135;106;96m▅[38;2;235;218;213;48;2;184;159;165m▆[38;2;225;204;209;48;2;176;147;150m▍[38;2;188;156;151;48;2;189;157;152m▏[38;2;239;228;233;48;2;184;155;157m▕[38;2;237;229;228;48;2;248;237;231m▏[38;2;236;225;228;48;2;247;237;234m▕[38;2;217;205;217;48;2;238;230;228m▘[38;2;247;237;231;48;2;248;237;233m▖[38;2;248;237;235m▂  ▆[38;2;247;236;234;48;2;248;237;234m▄[48;2;247;236;234m  [38;2;248;237;233;48;2;248;237;235m▆▆[0m
[38;2;225;205;203;48;2;245;233;229m▃[38;2;229;205;203;48;2;243;232;228m▂[38;2;226;206;203;48;2;245;234;229m▂[38;2;225;207;203;48;2;246;235;231m▂[38;2;231;212;206;48;2;246;235;230m▂[38;2;230;212;208;48;2;246;235;231m▂[38;2;228;210;204;48;2;246;235;230m▂[38;2;227;206;202;48;2;245;234;228m▂[38;2;191;162;168;48;2;241;228;225m▁[38;2;184;159;165;48;2;247;236;232m▃[38;2;181;154;163;48;2;241;231;225m▄[38;2;196;177;189;48;2;244;234;230m▆[38;2;221;209;215;48;2;182;164;170m▅[38;2;224;210;211;48;2;179;157;166m▆[38;2;206;185;188;48;2;223;208;212m▗[38;2;125;111;122;48;2;205;187;204m▆[38;2;165;156;166;48;2;238;229;229m▖[38;2;229;214;207;48;2;247;236;230m▂[38;2;230;213;210;48;2;246;235;230m▃[38;2;237;224;217;48;2;241;229;223m▗[38;2;238;228;223;48;2;240;229;228m▏[38;2;232;224;226;48;2;241;233;231m▔[38;2;247;235;233;48;2;247;236;231m▅[38;2;245;235;235;48;2;247;237;233m▕[38;2;247;236;241;48;2;183;154;156m▏[38;2;190;156;152;48;2;191;155;151m▆[38;2;224;209;218;48;2;183;151;153m▕[38;2;236;227;229;48;2;241;232;230m▕[38;2;219;210;217;48;2;232;222;226m▕[38;2;242;233;232;48;2;247;237;232m▏[38;2;248;237;229;48;2;248;237;232m▘[38;2;248;236;235;48;2;248;236;233m▘[48;2;248;237;233m  [38;2;248;237;235m▔▔▔▔  [0m
[38;2;251;252;251;48;2;214;194;198m▅[38;2;251;251;251;48;2;206;182;188m▅[38;2;249;248;249;48;2;205;180;184m▅[38;2;246;244;246;48;2;205;179;183m▅[38;2;250;248;249;48;2;204;184;186m▃[38;2;245;242;244;48;2;207;182;183m▂[38;2;169;147;159;48;2;209;187;189m▗[38;2;181;151;155;48;2;209;181;181m▆[38;2;183;166;180;48;2;178;149;152m▁[38;2;209;193;208;48;2;182;157;162m▃[38;2;180;160;174;48;2;213;197;202m▔[38;2;213;192;190;48;2;227;211;220m▆[38;2;209;192;192;48;2;216;196;192m▔[38;2;216;195;190;48;2;215;191;189m▘[38;2;211;185;189;48;2;149;132;139m▊[38;2;115;102;108;48;2;108;102;99m▏[38;2;113;103;107;48;2;164;152;170m▊[38;2;228;219;227;48;2;244;235;230m▏[38;2;243;234;231;48;2;247;237;230m▁[38;2;245;238;230;48;2;247;237;232m▔[38;2;241;229;223;48;2;247;236;231m▂[38;2;242;226;220;48;2;246;235;230m▁[38;2;247;237;229;48;2;247;236;234m▅[38;2;247;237;232;48;2;248;236;234m▅[38;2;245;235;232;48;2;190;166;173m▆[38;2;244;233;230;48;2;180;149;156m▆[38;2;247;236;231;48;2;191;171;177m▆[38;2;247;237;233;48;2;243;239;233m▅[38;2;248;234;234;48;2;236;228;227m▁[38;2;244;239;229;48;2;247;237;231m▔[38;2;248;237;232;48;2;248;237;233m▏  [38;2;247;236;234m▁     [38;2;244;233;229;48;2;247;236;232m▁[0m
[38;2;252;252;252;48;2;250;250;250m▆[38;2;251;251;251;48;2;252;252;252m▃ [38;2;253;253;253;48;2;251;251;251m▅[38;2;250;250;250;48;2;252;252;252m▔[38;2;249;248;248;48;2;253;253;253m▔[38;2;232;230;234;48;2;248;247;248m▁[38;2;171;160;168;48;2;228;224;227m▔[38;2;212;194;199;48;2;218;211;219m▆[38;2;211;195;203;48;2;215;191;190m▔[38;2;218;193;191;48;2;216;191;188m▃[38;2;217;192;190;48;2;217;194;192m▊[38;2;218;197;193;48;2;216;196;193m▗[38;2;215;196;193;48;2;215;192;189m▘[38;2;199;178;181;48;2;114;101;105m▌[48;2;110;102;101m [38;2;135;125;133;48;2;229;219;221m▌[38;2;207;198;200;48;2;227;222;222m▁[38;2;230;222;225;48;2;234;228;227m▔[38;2;246;235;229;48;2;247;237;230m▁[38;2;238;227;221;48;2;246;235;227m▝[38;2;243;229;223;48;2;235;217;212m▅[38;2;246;234;226;48;2;237;220;213m▔[38;2;237;220;213;48;2;240;225;222m▖[38;2;229;214;213;48;2;243;231;230m▃[38;2;224;212;215;48;2;244;233;231m▖[38;2;245;234;230;48;2;248;237;233m▁[38;2;248;237;233;48;2;247;237;234m▃[48;2;247;236;233m▁[38;2;247;237;235;48;2;248;237;233m▔  [38;2;248;237;233;48;2;247;236;233m▏[38;2;247;235;234;48;2;248;237;234m▞[48;2;248;237;233m  [38;2;247;237;234m▃[38;2;244;233;229m▂[38;2;212;202;209;48;2;244;233;228m▁[38;2;236;234;236;48;2;228;219;221m▁[0m
[7m[38;2;253;253;253m [0m[38;2;0;0;0;48;2;253;253;253m   [38;2;227;224;228;48;2;249;248;248m▂[38;2;211;198;206;48;2;235;231;235m▃[38;2;215;195;195;48;2;220;209;220m▅[38;2;211;196;197;48;2;218;195;191m▔[38;2;218;197;194;48;2;217;193;189m▄[38;2;220;196;194;48;2;217;194;189m▄[38;2;217;196;191;48;2;219;197;196m▘[38;2;219;197;195;48;2;220;195;193m▕[38;2;219;195;193;48;2;215;193;191m▌[38;2;108;101;100;48;2;187;169;172m▗[38;2;134;123;125;48;2;110;102;102m▏[38;2;109;100;101;48;2;162;152;162m▊[38;2;219;210;213;48;2;245;236;233m▏[38;2;240;230;228;48;2;247;236;234m▔[38;2;246;235;233;48;2;248;237;234m▎[38;2;244;235;227;48;2;247;236;233m▝[38;2;236;225;222;48;2;245;234;229m▁[38;2;241;228;220;48;2;248;234;228m▁[38;2;243;227;223;48;2;247;234;228m▔[38;2;247;234;226;48;2;241;227;220m▆[38;2;244;231;225;48;2;243;230;223m▝[38;2;231;215;214;48;2;237;223;217m▕[38;2;240;225;219;48;2;235;219;217m▕[38;2;219;204;200;48;2;242;228;224m▂[38;2;223;208;209;48;2;243;233;228m▂[38;2;239;225;221;48;2;247;235;231m▁[38;2;245;236;231;48;2;247;237;232m▁[38;2;247;236;234;48;2;247;236;233m▁[38;2;244;234;232;48;2;246;235;233m▁[38;2;229;215;214;48;2;247;236;234m▁[38;2;228;209;208;48;2;247;236;232m▂[38;2;220;199;198;48;2;247;236;234m▃[38;2;192;169;184;48;2;231;216;216m▁[38;2;206;195;209;48;2;227;214;217m▖[38;2;202;193;203;48;2;237;235;237m▔[38;2;250;250;248;48;2;252;253;250m▏[0m
[?25h